1450100
1688980
1894770
1276550
1605010
1441570
513510
398710
234370
453340
1508980
32360
1724410
291330
266210
1076600
295790
289890
9350
1097580
323060
438100
513290
388880
1792250
1389510
1475570
271370
1939810
489830
604240
588430
527340
498600
1443430
533300
845250
286810
1369630
1178790
253290
638230
553260
1475400
286380
32350
504130
449300
1718870
404580
525700
92300
251310
1282200
30
412770
533780
463000
311290
1576060
1087280
535230
285330
1002850
2000000
46570
1625110
394700
80300
684350
313340
697630
1403080
261180
764430
FIM